G00  3.9998  16.1082  11.9998  11.0  
G00  -0.9982  8.0018  3.0  12.0018  
G01  9.0018  6.9998  5.0018  2.9998  
G02  10.9998  -10.0  0.9998  19.0  8.0018  
G01  1.0  -3.0  -3.0  13.1082  
G03  11.1082  11.0018  1.0  20.0  10.1082  
G02  10.9998  19.0  19.0  7.0018  19.0018  
G02  12.0  18.0018  11.0018  4.0  -10.0  
G01  15.1082  18.1082  3.1082  6.9998  
G02  -4.0  -2.0  -7.0  1.0018  18.0  
G00  3.0  -5.0  9.0018  0.1082  
G00  4.9998  9.9998  17.0018  4.0018  
G02  5.1082  12.9998  2.0018  19.9998  4.0  
G03  0.0018  9.1082  5.1082  8.9998  6.0018  
G01  -1.0  7.9998  0.9998  16.1082  
G00  5.0018  1.1082  8.0018  0.0018  
G00  18.9998  12.0018  20.0  -0.0002  
G02  3.1082  20.0  -6.0  -2.9982  -2.9982  
G01  0.1082  18.9998  9.0018  18.0018  
G00  8.9998  5.1082  11.0  7.9998  
G00  11.9998  9.0  17.9998  18.0  
G02  18.0018  0.9998  11.0018  -0.0002  12.9998  
G02  5.9998  2.9998  9.0  7.1082  1.1082  
G00  19.1082  5.9998  10.9998  -10.0  
G03  9.9998  12.1082  5.0  -3.0002  13.0  
G03  -10.0  12.1082  16.0018  15.9998  11.1082  
G02  -2.0002  16.0018  -3.0002  -1.0002  -9.0  
G01  16.0  3.0  15.0  17.0  
G03  10.1082  1.1082  10.1082  4.9998  1.0018  
G01  18.0018  20.0  9.0018  17.0  
G03  9.0  4.0  -1.0002  11.0018  1.1082  
G03  9.0018  10.9998  12.0  4.9998  6.9998  
G01  14.9998  0.0018  6.0018  -5.0  
G01  -0.0002  5.9998  2.0018  10.0  
G02  19.1082  8.9998  11.0  8.0018  8.0  
G02  8.1082  -6.0  14.9998  19.0018  13.9998  
G00  -9.0  -0.0002  4.9998  14.1082  
G03  -7.0  -5.0  2.0018  19.9998  0.0018  
G00  19.0  1.1082  7.0018  16.1082  
G01  4.0018  -4.0  6.9998  12.1082  
G03  -5.0  -10.0  3.0  20.0  9.1082  
G03  1.0  -5.0  5.0018  19.9998  4.1082  
G03  6.0  16.1082  2.0018  10.9998  1.0018  
G00  -8.0  -0.0002  14.9998  17.0  
G03  7.9998  16.9998  0.1082  -3.0002  -1.9982  
G01  15.0  17.0  11.0018  17.9998  
G02  5.0018  5.1082  11.1082  9.9998  18.0  
G03  0.0  12.0  -5.0  7.0018  15.0018  
G01  17.9998  1.1082  7.1082  -0.9982  
G01  7.0  1.0  4.9998  0.0  
G01  1.9998  8.9998  0.0018  7.0  
G00  15.0018  2.1082  0.1082  4.1082  
G01  -10.0  1.0  5.9998  9.0  
G00  4.0018  11.9998  1.1082  16.9998  
G03  -2.9982  3.9998  0.9998  5.0018  3.1082  
